"DP1"	"DP2"	"DP3"	"DN1"	"DN2"	"DN3"
"KEGG_N_GLYCAN_BIOSYNTHESIS"	0.16366292373666	0.283783057631724	0.384847884019922	-0.343557831647898	-0.358176835180767	-0.097680880389686
"KEGG_OTHER_GLYCAN_DEGRADATION"	-0.236098162202918	0.0650368363204056	-0.403211973613691	0.162846198178503	0.0537970318085822	0.236183477604565
"KEGG_O_GLYCAN_BIOSYNTHESIS"	-0.475823403263046	-0.0166364064244855	-0.274518766993851	0.555360159973765	0.333264629849677	0.06834344987844
"KEGG_GLYCOSAMINOGLYCAN_DEGRADATION"	0.215549484533709	-0.2787420816987	0.103881932005862	-0.31078647096402	0.283039090167339	-0.0224455979211792
"KEGG_GLYCOSAMINOGLYCAN_BIOSYNTHESIS_KERATAN_SULFATE"	0.00617963379002656	-0.118364028804959	-0.0747624655769071	0.220392652938836	0.252923224944372	-0.14230925728457
"KEGG_GLYCEROLIPID_METABOLISM"	-0.1233568909842	0.0721716507123836	0.26758420949097	-0.0961812817582377	0.241678874314375	-0.0907134455168155
"KEGG_GLYCOSYLPHOSPHATIDYLINOSITOL_GPI_ANCHOR_BIOSYNTHESIS"	0.0289056075474755	0.325328660449797	0.237280943770378	-0.428281349954318	0.0239495295385113	0.028696051058572
"KEGG_GLYCEROPHOSPHOLIPID_METABOLISM"	-0.0670227526144926	0.152207415847521	0.310359823066678	-0.181711921112296	0.0338653478068196	-0.0742012299531112
"KEGG_ETHER_LIPID_METABOLISM"	-0.0543819848232163	-0.144471884544651	0.0797145070109334	0.0711500140227641	0.32065956586369	0.141650832710024
"KEGG_ARACHIDONIC_ACID_METABOLISM"	0.356230967162236	0.30120626831708	0.19955410340993	-0.520120404773931	-0.261138413590824	0.0779520295203068
"KEGG_LINOLEIC_ACID_METABOLISM"	-0.166332999461952	-0.258592414922435	-0.599337588526114	0.305551612919922	0.108829173173229	0.475073421703714
"KEGG_ALPHA_LINOLENIC_ACID_METABOLISM"	-0.142048523174489	0.2665998085666	-0.436446437905309	0.121217668888517	0.0987860275627696	0.339839276784811
"KEGG_SPHINGOLIPID_METABOLISM"	0.31373528150316	-0.392858867729913	-0.130488979246936	0.11171884493894	0.124298957060786	0.170798440073058
"KEGG_GLYCOSPHINGOLIPID_BIOSYNTHESIS_LACTO_AND_NEOLACTO_SERIES"	0.0645614523271644	-0.340512484955743	-0.163560762341116	0.375174713424656	0.428495701750909	-0.234618013424427
"KEGG_GLYCOSPHINGOLIPID_BIOSYNTHESIS_GLOBO_SERIES"	-0.305892420263264	-0.620165557465453	-0.24883780054705	0.118342084646313	0.0870992611907191	0.598628156040146
"KEGG_GLYCOSPHINGOLIPID_BIOSYNTHESIS_GANGLIO_SERIES"	-0.0671765851847126	-0.204757917448802	-0.235642879014951	0.144984784354507	0.0950858184189326	0.487731004909099
"KEGG_RIBOFLAVIN_METABOLISM"	-0.146006027878653	-0.0639146018992078	0.0994440718168666	0.356443856821479	0.182988680596168	-0.247396514651506
"KEGG_NICOTINATE_AND_NICOTINAMIDE_METABOLISM"	-0.305443926387183	0.404729753547458	0.119730040769827	0.103089461813367	0.261710467619962	-0.150697506853199
"KEGG_PANTOTHENATE_AND_COA_BIOSYNTHESIS"	0.309612502313239	0.244141038930266	0.309978162420704	0.0396732597440492	-0.147804856346305	-0.709056907430661
"KEGG_AMINOACYL_TRNA_BIOSYNTHESIS"	0.209957509698873	0.673236352771855	0.463022913293584	-0.597066280447458	-0.00299003069265227	-0.485230019973123
"KEGG_BASAL_TRANSCRIPTION_FACTORS"	0.428727805147541	0.481040001302996	0.121271599118436	-0.271131621173595	-0.0351539802219954	-0.463717332756668
"KEGG_NON_HOMOLOGOUS_END_JOINING"	0.392783143359643	0.0228348424277791	-0.341066370768791	-0.217074650478918	-0.0481593397227136	-0.241464470761262
"KEGG_SNARE_INTERACTIONS_IN_VESICULAR_TRANSPORT"	0.276585169886946	0.21693065416347	0.113923810146751	0.12768174585797	-0.236339600106902	-0.318323977989525
"KEGG_LYSOSOME"	-0.0104023312781191	-0.0569185326221415	0.0465774157658023	-0.0981721729708467	0.0138113754107684	-0.0623378845617029
"KEGG_CARDIAC_MUSCLE_CONTRACTION"	0.36030893328008	0.380587416288946	0.160290303671913	-0.263766812433616	-0.43097566884143	-0.212108967335134
"KEGG_RENIN_ANGIOTENSIN_SYSTEM"	0.219840129194775	0.677086214845552	0.0626726554709222	0.262295753982904	-0.272038700915785	-0.374336627283681
"KEGG_CIRCADIAN_RHYTHM_MAMMAL"	-0.0181198262638307	0.556101454725837	0.678735777088472	-0.499529354013429	-0.420063265511348	0.31041462357581
"KEGG_TASTE_TRANSDUCTION"	-0.566643174863497	-0.4663146036721	-0.57417396407143	0.351806068619629	0.488467637756468	0.38399509850459
"KEGG_PROXIMAL_TUBULE_BICARBONATE_RECLAMATION"	0.370084377850138	0.466257249161593	0.0568713117735306	-0.150643644138742	0.0350488839697805	-0.544168068200194
"KEGG_PATHOGENIC_ESCHERICHIA_COLI_INFECTION"	0.0270499593773041	0.0451567824418382	-0.20396604045367	0.119383461542689	-0.336632484784269	-0.0836838721184442
"KEGG_SYSTEMIC_LUPUS_ERYTHEMATOSUS"	-0.262521483823438	-0.33231220188334	-0.22525959622283	0.194109970917644	0.0298003117336799	0.486420282172687
"KEGG_PRIMARY_IMMUNODEFICIENCY"	-0.428813999443867	0.15737541797782	-0.215733201888928	0.297384161101853	0.175638313271567	0.113166593841167
"KEGG_HYPERTROPHIC_CARDIOMYOPATHY_HCM"	-0.309799264504952	-0.203187025167206	-0.195775866412396	0.215926507119233	-0.0317133900910593	0.173519476516162
"KEGG_ARRHYTHMOGENIC_RIGHT_VENTRICULAR_CARDIOMYOPATHY_ARVC"	-0.299889492992733	-0.174065013711754	-0.197093645628946	0.11111055900108	0.19133747072923	0.126384804454942
"KEGG_DILATED_CARDIOMYOPATHY"	-0.446041393784954	-0.17472089261287	-0.318250782076843	0.272537761440448	0.113514614576997	0.293173798747144
"KEGG_GLYCOLYSIS_GLUCONEOGENESIS"	-0.0095551409681557	0.106045421969951	0.205763091551427	-0.0339101874637953	0.00956191595259984	-0.264366211133348
"KEGG_CITRATE_CYCLE_TCA_CYCLE"	0.214512899406688	0.467521658914452	0.319993600086217	-0.304095863480007	-0.290059733185623	-0.493069337388247
"KEGG_PENTOSE_PHOSPHATE_PATHWAY"	0.246220456483689	0.321784370230504	-0.141982209484954	-0.339514131378055	0.0302384566411058	-0.121093551936266
"KEGG_PENTOSE_AND_GLUCURONATE_INTERCONVERSIONS"	-0.127797334184839	0.625782422448814	0.240849414841041	-0.456406752552309	-0.0253400131409494	-0.0263824182279327
"KEGG_FRUCTOSE_AND_MANNOSE_METABOLISM"	0.201917890486382	-0.0555965462426133	-0.0910091303173964	-0.098178809788127	0.109424321267772	0.181929465223596
"KEGG_GALACTOSE_METABOLISM"	0.30654568201436	0.395030095261436	0.210792488760098	-0.400398891860876	0.146418020679469	-0.287811766210599
"KEGG_ASCORBATE_AND_ALDARATE_METABOLISM"	-0.454932664743274	0.0994340566107906	0.348642483545699	0.459486755824895	0.424951902553774	-0.442597184118738
"KEGG_FATTY_ACID_METABOLISM"	-0.0104455636281356	0.268479231024533	0.136270954770331	-0.215520984905496	-0.0623882952160369	-0.189963698379397
"KEGG_STEROID_BIOSYNTHESIS"	0.347175367608857	0.456706442267394	0.193107972752171	0.00327117447441352	-0.348285484336995	-0.337706458282065
"KEGG_PRIMARY_BILE_ACID_BIOSYNTHESIS"	-0.368473280713527	-0.584675440023861	0.0144753770603641	0.228861169411821	-0.279341475867185	0.533800063751526
"KEGG_STEROID_HORMONE_BIOSYNTHESIS"	0.509939270034868	0.142898607347812	0.259538726227861	-0.581097646833643	-0.234344070100977	0.132655953089192
"KEGG_OXIDATIVE_PHOSPHORYLATION"	0.291841629304156	0.381304849254618	0.231356459440237	-0.263049130739607	-0.459673760795841	-0.18904590784778
"KEGG_PURINE_METABOLISM"	-0.0239143753726426	0.159155472097153	-0.108199462677622	0.025134566893591	0.0875242104493204	-0.123082815088178
"KEGG_PYRIMIDINE_METABOLISM"	0.129846616166857	0.345375082733176	-0.0780057761835937	-0.0801507581974479	-0.0463358376146157	-0.178436363593051
"KEGG_ALANINE_ASPARTATE_AND_GLUTAMATE_METABOLISM"	0.35770680152653	0.412188151080467	0.23425135670166	-0.341419583492363	-0.113611114921816	-0.38873164534979
"KEGG_GLYCINE_SERINE_AND_THREONINE_METABOLISM"	-0.150972677806467	-0.0489475600903987	-0.00320096895254907	-0.068193835529994	0.251282543838955	-0.109990705799192
"KEGG_CYSTEINE_AND_METHIONINE_METABOLISM"	0.282631103726577	0.447297531109044	0.394164306006964	-0.434878307230997	-0.355833607730372	-0.407924787831273
"KEGG_VALINE_LEUCINE_AND_ISOLEUCINE_DEGRADATION"	0.212358517914522	0.291342101190854	0.266824878813071	-0.400267326022241	-0.052786946417009	-0.212861825873166
"KEGG_VALINE_LEUCINE_AND_ISOLEUCINE_BIOSYNTHESIS"	0.647974718696574	0.500637111579219	0.357769197309638	-0.570920671778059	-0.204284678138529	-0.717906478166945
"KEGG_LYSINE_DEGRADATION"	0.0490968252695887	0.0884867219730735	0.0802750244208403	0.0822190496617651	-0.288238487241044	-0.139191218999255
"KEGG_ARGININE_AND_PROLINE_METABOLISM"	0.107089358256722	0.319218782891551	0.116977785429077	-0.195302330104945	-0.0690075424667322	-0.337051996205469
"KEGG_HISTIDINE_METABOLISM"	-0.0622360839784196	0.225399242788279	0.300796023103411	-0.205097480736015	0.107399258219183	-0.365711969139878
"KEGG_TYROSINE_METABOLISM"	0.38222447402587	0.425369057061731	0.477837500538338	-0.543160970121028	-0.184261942120261	-0.410934290325673
"KEGG_PHENYLALANINE_METABOLISM"	0.268016701946684	0.506303860256137	0.495123974051969	-0.194075164390443	-0.233435613075792	-0.390771047191386
"KEGG_TRYPTOPHAN_METABOLISM"	-0.335402800173384	0.00040096750284152	0.0651312822433335	0.0581955747800013	0.263028902608657	-0.00112597568292586
"KEGG_BETA_ALANINE_METABOLISM"	-0.538568718629231	0.105564409119951	0.0718309863258901	0.095912299838798	0.228235384468453	-0.192325200922687
"KEGG_TAURINE_AND_HYPOTAURINE_METABOLISM"	-0.69782448377563	-0.935656342182669	-0.900626843657601	0.753502949852511	0.905420353982301	0.818399705014752
"KEGG_SELENOAMINO_ACID_METABOLISM"	0.257424233617741	0.452601786418849	0.525066848350372	-0.496582437060642	-0.0444263670057544	-0.618789815369002
"KEGG_GLUTATHIONE_METABOLISM"	0.281210974516411	0.307019025162784	0.152651708319429	-0.476308028565921	-0.117722593283388	-0.293336509666148
"KEGG_STARCH_AND_SUCROSE_METABOLISM"	-0.255168314636069	0.455657800225108	0.151945738388723	-0.246335797039649	-0.0950354820232597	-0.261614306779564
"KEGG_AMINO_SUGAR_AND_NUCLEOTIDE_SUGAR_METABOLISM"	0.117437852112944	0.340847607372326	0.162717294909257	-0.336594282214815	-0.0895867783608357	0.0562146139412581
"KEGG_GLYCOSAMINOGLYCAN_BIOSYNTHESIS_CHONDROITIN_SULFATE"	-0.212645381212699	-0.319153650542804	-0.0513959073060822	0.000314306693583288	0.480359686120255	0.221089161627975
"KEGG_GLYCOSAMINOGLYCAN_BIOSYNTHESIS_HEPARAN_SULFATE"	0.0227181672291515	0.146620870218689	0.370105523863388	-0.344452166498576	0.328525325017298	0.152971787383801
"KEGG_INOSITOL_PHOSPHATE_METABOLISM"	-0.144485106142143	-0.0428255488678912	-0.29662695529148	0.13402127555217	0.0778488376258277	0.165430835214102
"KEGG_PYRUVATE_METABOLISM"	-0.031304932601855	-0.0314912941235405	0.136410896771905	0.176653537561097	0.06262627678053	-0.207925382468893
"KEGG_GLYOXYLATE_AND_DICARBOXYLATE_METABOLISM"	0.053374444877311	0.237954203391313	0.521156641128725	-0.413523849505647	-0.110300613297695	-0.270189096826271
"KEGG_PROPANOATE_METABOLISM"	-0.166125896399223	0.138905991586982	0.117459150975884	-0.113256682875108	-0.0335247980779109	-0.0235841854553084
"KEGG_BUTANOATE_METABOLISM"	-0.0666437810626462	0.13144673330034	0.140372922526149	0.00149581563310222	0.194902237380093	-0.24927918035626
"KEGG_ONE_CARBON_POOL_BY_FOLATE"	0.272251323477239	0.199087582999583	0.287806557697933	-0.197727209486214	-0.332035973979597	-0.436504193926085
"KEGG_FOLATE_BIOSYNTHESIS"	0.280693389774789	-0.0560329432594048	0.146770562585557	-0.266623103506879	-0.168408631310346	-0.182094267285464
"KEGG_RETINOL_METABOLISM"	-0.406745565558786	0.475032132440415	0.0931677329407909	-0.243458257857988	0.414707142711918	0.174289018890215
"KEGG_PORPHYRIN_AND_CHLOROPHYLL_METABOLISM"	-0.142944334263487	0.418984678175719	0.329612318242439	-0.421548147957451	-0.0924805815031392	-0.0739367925227245
"KEGG_TERPENOID_BACKBONE_BIOSYNTHESIS"	0.257528658996595	0.432817022282312	0.303831486262015	-0.511178136327602	-0.219270586671338	-0.274322389950212
"KEGG_LIMONENE_AND_PINENE_DEGRADATION"	-0.49341923205791	-0.0883855382914378	0.0575433781521688	0.336466922066462	0.36405169257802	-0.108284530399097
"KEGG_NITROGEN_METABOLISM"	0.443283635612886	0.330308672602259	0.403891956266825	-0.451154511954043	-0.263223693909651	-0.598806750872797
"KEGG_SULFUR_METABOLISM"	0.230613951624002	-0.123958486379675	0.466587354507832	-0.628955904526543	0.262611091851401	-0.608913468658983
"KEGG_METABOLISM_OF_XENOBIOTICS_BY_CYTOCHROME_P450"	0.24968821313178	0.468846509103989	0.526734659139446	-0.547967557925282	-0.49349989555476	0.167887392973953
"KEGG_DRUG_METABOLISM_CYTOCHROME_P450"	0.210455083095803	0.00596040981777385	0.359110714554158	-0.506527920160581	-0.101291263169151	0.439791682351845
"KEGG_DRUG_METABOLISM_OTHER_ENZYMES"	0.11232907783817	0.280576548697033	-0.0396171058643144	-0.14446598502594	-0.316856032950037	-0.0583626015695312
"KEGG_BIOSYNTHESIS_OF_UNSATURATED_FATTY_ACIDS"	0.232985625118562	0.414554511232191	0.223446313720648	-0.328939319213324	-0.0938357278192257	-0.165103287022625
"KEGG_ABC_TRANSPORTERS"	-0.141352356347889	-0.2732347362049	-0.288429424120854	0.125064959721437	0.385118491367475	0.338617457106972
"KEGG_RIBOSOME"	0.564083172596799	0.461823747951906	0.0598643270161448	-0.547526713250622	-0.543768979977041	-0.350294010213299
"KEGG_RNA_DEGRADATION"	0.224200206996089	0.501596869823293	0.223341807051296	-0.248601024899797	-0.368487510615049	-0.474579366814646
"KEGG_RNA_POLYMERASE"	0.462409435897909	0.446020754668484	0.0730722945850094	-0.289430430820864	-0.364743103410678	-0.34525210270878
"KEGG_DNA_REPLICATION"	0.361363032903832	0.440373970756379	0.131795986775692	-0.374200949404237	-0.378284308902228	-0.443881447897382
"KEGG_SPLICEOSOME"	0.510730589270398	0.50634040234137	0.0893851984651128	-0.412654651790266	-0.559207590893027	-0.269570720844316
"KEGG_PROTEASOME"	0.451778163126615	0.543935666650135	0.238183641631336	-0.492757012857477	-0.54618114680332	-0.365242147937952
"KEGG_PROTEIN_EXPORT"	0.416630455239465	0.538960827049231	0.26631963261283	-0.231850066334419	-0.323913072988968	-0.338746404499651
"KEGG_PPAR_SIGNALING_PATHWAY"	-0.0394759850153159	0.144735220419052	-0.18722280441278	0.0432182598960811	-0.0831760179966218	0.0759389097667129
"KEGG_BASE_EXCISION_REPAIR"	0.168956455802403	0.118458625434299	-0.214360972926655	0.0359070170741036	-0.184818820762547	-0.0620672312878548
"KEGG_NUCLEOTIDE_EXCISION_REPAIR"	0.344885863445735	0.405303449549215	0.218099433892824	-0.272737423615479	-0.315951348523481	-0.511040147572145
"KEGG_MISMATCH_REPAIR"	0.143167941730203	0.42509632961322	0.139290377077798	-0.282022755258983	-0.246815183280786	-0.410788765230123
"KEGG_HOMOLOGOUS_RECOMBINATION"	0.281286409220962	0.330474817586147	0.353998262045426	-0.329066706124795	-0.438721219356803	-0.371021137341078
"KEGG_MAPK_SIGNALING_PATHWAY"	-0.261988551612234	0.00689448368557635	-0.178200281007043	0.277426970914451	0.157842042574741	-0.0724728530944081
"KEGG_ERBB_SIGNALING_PATHWAY"	-0.180053198295836	0.243839764759088	-0.00121827662745636	0.059161213765373	-0.0565514841189907	-0.236385186927214
"KEGG_CALCIUM_SIGNALING_PATHWAY"	-0.354254584333742	-0.218187789362426	-0.396897479575285	0.388880057987084	0.202299507097612	0.279154313748232
"KEGG_CYTOKINE_CYTOKINE_RECEPTOR_INTERACTION"	-0.129345315984525	-0.358479856091556	-0.18656564251367	-0.0834595860333902	0.263301327225556	0.404763307600182
"KEGG_CHEMOKINE_SIGNALING_PATHWAY"	-0.285104137945558	-0.0785092724712729	-0.121176696893733	0.232534378921283	0.142094958410386	0.149716235163168
"KEGG_PHOSPHATIDYLINOSITOL_SIGNALING_SYSTEM"	-0.263484836563493	-0.19360403246554	-0.309176817306501	0.368475823891624	0.0189925070889111	0.162965247442215
"KEGG_NEUROACTIVE_LIGAND_RECEPTOR_INTERACTION"	-0.357693691048836	-0.667796443060413	-0.432268586762028	0.648899251497627	0.584091329768091	0.517848309614494
"KEGG_CELL_CYCLE"	0.0769236448990779	0.257567828995601	0.0812392120433529	-0.0591558005088351	-0.248330611330585	-0.234036158479018
"KEGG_OOCYTE_MEIOSIS"	0.00717009976022691	0.304281592313276	-0.0500490477289186	0.00771694878000759	-0.239844000269651	-0.298126609449228
"KEGG_P53_SIGNALING_PATHWAY"	-0.323301482012767	0.132983510796537	0.0225264498468057	0.310539939809799	0.223601448099117	-0.195071642459766
"KEGG_UBIQUITIN_MEDIATED_PROTEOLYSIS"	0.105576279216609	0.291769629419625	0.105864284105608	-0.0739392286852067	-0.209606695520331	-0.324303515710481
"KEGG_REGULATION_OF_AUTOPHAGY"	-0.264796647051231	-0.115218361651405	0.128662311952891	0.180721604519447	-0.0977257053594202	0.0636892026511978
"KEGG_ENDOCYTOSIS"	-0.0755540857069791	0.260358671771627	-0.0362492406130668	0.0654912399439012	-0.166208318697815	-0.14104150916721
"KEGG_PEROXISOME"	0.0458050646602039	0.115656466530496	-0.00504631526391452	0.00958286763859834	0.0336899477897239	0.0506828506427398
"KEGG_MTOR_SIGNALING_PATHWAY"	-0.053931168993126	0.141787563516737	-0.0760811377717979	0.0993964201683866	-0.0768108739334222	-0.103181912212427
"KEGG_APOPTOSIS"	0.0048573568290915	0.162323905588144	-0.058598865103809	0.144566926808688	-0.0532154189091437	-0.018465125417707
"KEGG_VASCULAR_SMOOTH_MUSCLE_CONTRACTION"	-0.274268758471948	-0.0897806599516181	-0.228296146643025	0.275213929670248	0.0998430766064936	0.0841033696140556
"KEGG_WNT_SIGNALING_PATHWAY"	-0.0848003080321274	0.269354225922422	0.107033821711433	-0.0260780667259673	-0.157815826049635	-0.249322511525647
"KEGG_DORSO_VENTRAL_AXIS_FORMATION"	-0.183065204718474	0.210223731749535	0.120628456270716	0.0709173222747954	-0.16799115146181	-0.208056352572153
"KEGG_NOTCH_SIGNALING_PATHWAY"	0.0842787169492577	0.354688553906504	0.182966404015973	-0.12810375843442	-0.284674462827234	-0.00984480847807959
"KEGG_HEDGEHOG_SIGNALING_PATHWAY"	-0.0365677470462074	0.301644953392079	0.304446555877888	-0.15959848397731	-0.176516948069413	0.0734266271094745
"KEGG_TGF_BETA_SIGNALING_PATHWAY"	-0.331500796106916	0.141272727577693	-0.150987191796055	0.212024313041451	0.0506575900919773	-0.0819563341184619
"KEGG_AXON_GUIDANCE"	-0.190143349770105	0.0264970138751348	-0.270620961570152	0.277969925717546	0.0567452833935138	0.0169012457530902
"KEGG_VEGF_SIGNALING_PATHWAY"	-0.258127896287393	0.257378219299169	-0.145182937423588	0.260252169118031	-0.0203521591051108	-0.20320332361488
"KEGG_FOCAL_ADHESION"	-0.166142276095026	0.118643950505484	0.0396337639434715	-0.0540146063219269	0.0994512875776924	-0.153891183019561
"KEGG_ECM_RECEPTOR_INTERACTION"	-0.150687541891128	-0.264546528418353	-0.131729265787334	0.0017307739687889	0.477706630497523	0.271696541073293
"KEGG_CELL_ADHESION_MOLECULES_CAMS"	-0.425667336486401	-0.379557832420819	-0.140158949829381	0.424044338377543	0.325914948638727	0.232235324348379
"KEGG_ADHERENS_JUNCTION"	0.06203815409184	0.121888274467701	0.0996478586131908	0.108283703969051	-0.179521394464705	-0.161994951978538
"KEGG_TIGHT_JUNCTION"	0.0631761250045195	-0.00940566626993676	0.161513387900393	-0.166420114258755	-0.152002555047964	-0.0707435286700524
"KEGG_GAP_JUNCTION"	-0.10564948832433	-0.0492053735801206	-0.146255705272314	0.00869426284584962	0.0303857451868096	0.16724571372544
"KEGG_COMPLEMENT_AND_COAGULATION_CASCADES"	-0.337107416125342	-0.675038847393883	-0.215936072332795	0.203976096659245	0.676840627634732	0.623932222356353
"KEGG_ANTIGEN_PROCESSING_AND_PRESENTATION"	0.161966294260966	0.295442311096686	-0.205239512872378	-0.231803772230413	-0.336014912882391	-0.293644387082213
"KEGG_TOLL_LIKE_RECEPTOR_SIGNALING_PATHWAY"	-0.183712258761579	0.194999824564195	0.114868834350901	0.127375971211667	-0.0262204782856388	-0.100573075322928
"KEGG_NOD_LIKE_RECEPTOR_SIGNALING_PATHWAY"	0.0506188716294523	0.203707835163017	-0.103305459172039	0.23762834228473	-0.0356994155370159	-0.273438304004678
"KEGG_RIG_I_LIKE_RECEPTOR_SIGNALING_PATHWAY"	-0.133614793307519	0.251073075460738	0.117956768379664	0.246380198155905	-0.0312618114909314	-0.224800505496566
"KEGG_CYTOSOLIC_DNA_SENSING_PATHWAY"	0.206108538256348	0.483720696375289	0.188801073466267	0.107087137835433	-0.262840663670099	-0.383706001041084
"KEGG_JAK_STAT_SIGNALING_PATHWAY"	-0.057669592301924	-0.006474587819566	-0.0219333142350462	-0.0248093368943488	0.0703146503567954	0.0399657419589077
"KEGG_HEMATOPOIETIC_CELL_LINEAGE"	-0.426890202209077	-0.573332527364673	-0.424600326917132	0.449505725737307	0.521198093809144	0.395705467727378
"KEGG_NATURAL_KILLER_CELL_MEDIATED_CYTOTOXICITY"	-0.215008215705865	0.0844438494101552	-0.0884739485757968	0.241001292841944	0.116434362825332	-0.13678527629472
"KEGG_T_CELL_RECEPTOR_SIGNALING_PATHWAY"	-0.30040090389379	0.159729534286999	-0.055720339790684	0.287754382831704	0.0144069786926007	-0.0559976225782668
"KEGG_B_CELL_RECEPTOR_SIGNALING_PATHWAY"	-0.36106617157262	0.0321374011016626	-0.222551525001563	0.323829603412966	0.133468327978228	0.118215787327869
"KEGG_FC_EPSILON_RI_SIGNALING_PATHWAY"	-0.20171006004749	0.07930686160893	-0.134574254016312	0.265473748226194	0.050384325341072	-0.0704013310048649
"KEGG_FC_GAMMA_R_MEDIATED_PHAGOCYTOSIS"	-0.129045718764029	0.0266896502591071	-0.213994488255266	0.224610123009274	0.0674121684761291	0.015368903853696
"KEGG_LEUKOCYTE_TRANSENDOTHELIAL_MIGRATION"	-0.291954212885021	-0.0738487974164033	-0.0551268718630682	0.237305119909254	0.0841331696226308	-0.0295762357108797
"KEGG_INTESTINAL_IMMUNE_NETWORK_FOR_IGA_PRODUCTION"	-0.612308902875383	-0.471887296390684	-0.327188182313434	0.433644692023258	0.304080939018425	0.541197411683207
"KEGG_LONG_TERM_POTENTIATION"	-0.289288707314073	0.0421090129476995	-0.217429755244712	0.272412552796855	0.0483046874323789	0.0177423026089378
"KEGG_NEUROTROPHIN_SIGNALING_PATHWAY"	-0.173489385023775	0.245180859003789	0.0370123522108105	0.157610190023545	-0.210312324029	-0.182552481245217
"KEGG_LONG_TERM_DEPRESSION"	-0.219128503238074	0.183785913401243	-0.113701834655587	0.138301262043041	0.0126099417122756	0.0503435538977428
"KEGG_OLFACTORY_TRANSDUCTION"	-0.284984997654304	0.277501660546713	-0.158941693658093	0.113145739662963	0.0244675491085339	-0.158991136582895
"KEGG_REGULATION_OF_ACTIN_CYTOSKELETON"	-0.080768869663323	-0.00146175826317044	-0.119711463948445	0.185926250443442	-0.0761129985640784	-0.0749539086735558
"KEGG_INSULIN_SIGNALING_PATHWAY"	-0.0960997817619988	0.152146949433499	-0.0490016114496638	0.174285692033122	-0.140300464813727	-0.101807051868682
"KEGG_GNRH_SIGNALING_PATHWAY"	-0.196621020320683	0.160852158219029	-0.149912266539739	0.15195403984296	-0.00747494591267697	-0.0206010427176736
"KEGG_PROGESTERONE_MEDIATED_OOCYTE_MATURATION"	-0.157387337609002	0.222115428029729	-0.0708786937996985	0.21865448157359	-0.0285830247798255	-0.274884671116652
"KEGG_MELANOGENESIS"	-0.282010850982573	0.189561372039587	-0.0962323109686802	0.123800613918066	-0.0419480999865946	0.0104806413064013
"KEGG_ADIPOCYTOKINE_SIGNALING_PATHWAY"	0.0940235658508018	0.271147847033421	-0.106420658123404	0.0813156400416156	-0.134933028991397	-0.197673514908298
"KEGG_TYPE_II_DIABETES_MELLITUS"	-0.102166903450611	-0.0890783954406779	-0.293080300182127	0.270765135757154	0.229707904308009	-0.00798062138817723
"KEGG_TYPE_I_DIABETES_MELLITUS"	-0.591122992927639	-0.626689292142091	-0.545773477380586	0.366763253418479	0.498838536634331	0.710762329751385
"KEGG_MATURITY_ONSET_DIABETES_OF_THE_YOUNG"	-0.729706072882762	0.0566722527685425	0.0995155709696722	-0.0246021668989237	0.707144108524894	0.782820622384557
"KEGG_ALDOSTERONE_REGULATED_SODIUM_REABSORPTION"	-0.369670227267064	-0.208286460643521	-0.365623273518419	0.500661087652935	0.354715341256197	0.165854123746044
"KEGG_VASOPRESSIN_REGULATED_WATER_REABSORPTION"	0.119221764351301	0.37042967731848	-0.149149135913442	0.153365311232318	-0.374411686404119	-0.057710256080835
"KEGG_ALZHEIMERS_DISEASE"	0.104022434876998	0.18779430673454	0.0505683963932174	-0.0290329357306899	-0.297078561885896	0.0070533339639402
"KEGG_PARKINSONS_DISEASE"	0.247393910160538	0.37163640790282	0.215155679177477	-0.243139476165885	-0.426983923363592	-0.0691333576251196
"KEGG_AMYOTROPHIC_LATERAL_SCLEROSIS_ALS"	0.0549849898604791	0.21299385631468	-0.0200945958862393	-0.0268742758115734	-0.143348620017972	-0.0116183627606883
"KEGG_HUNTINGTONS_DISEASE"	0.290298505413791	0.358819697737283	0.285290187905311	-0.310641402983396	-0.351920013838083	-0.18027532029057
"KEGG_PRION_DISEASES"	0.130632921583302	0.0284358962346776	-0.0092853021922466	-0.044873858134835	-0.0150745561157568	0.0934597766920392
"KEGG_VIBRIO_CHOLERAE_INFECTION"	-0.164964375370692	0.27282247275186	-0.039188530342604	0.096541242786859	-0.0422381442756683	-0.125938096706394
"KEGG_EPITHELIAL_CELL_SIGNALING_IN_HELICOBACTER_PYLORI_INFECTION"	-0.112672364388162	0.20876962816218	-0.141786349895773	0.340293870297198	-0.0723883352811316	-0.250842443258923
"KEGG_LEISHMANIA_INFECTION"	-0.273434009137214	0.159078091813703	-0.10162666126312	0.336338509071418	-0.0446733472950777	0.0613681929462689
"KEGG_PATHWAYS_IN_CANCER"	-0.0662297242949051	0.24081826056325	0.0491396658918172	0.0538214863155233	-0.0968020952599205	-0.178767494060818
"KEGG_COLORECTAL_CANCER"	-0.173178100444415	0.0984089604095929	-0.150700627486103	0.240062918139357	0.0534876009538893	-0.217787212503778
"KEGG_RENAL_CELL_CARCINOMA"	-0.110991150877023	0.289965949704944	0.0304354838514491	0.0800743409956764	-0.0702516297245426	-0.20094698973458
"KEGG_PANCREATIC_CANCER"	-0.0866684380328264	0.227682920686624	-0.258184389652974	0.251275865220227	-0.0440712458500518	-0.255324013564468
"KEGG_ENDOMETRIAL_CANCER"	-0.043514751920577	0.134597915112018	-0.156350930830366	0.202539113769105	0.092966559657322	-0.208068250251751
"KEGG_GLIOMA"	-0.176354832569197	0.194001518798425	-0.151372222494316	0.262765976113454	0.0121597649727745	-0.228734714341457
"KEGG_PROSTATE_CANCER"	-0.00694754487946786	0.25702751844989	0.0694461410239657	0.121775775883803	-0.107891669356073	-0.254497899676376
"KEGG_THYROID_CANCER"	0.060371088341197	0.565232475336236	0.245686318650164	-0.291934095709698	-0.478282000537705	-0.285566097053912
"KEGG_BASAL_CELL_CARCINOMA"	-0.239755325773717	0.439240204237649	0.222263749404285	-0.111814246030835	-0.407854885614226	-0.0230158527801377
"KEGG_MELANOMA"	-0.199679342054385	0.179188854202274	-0.227864737962373	0.33529004206572	0.0747615981262952	-0.0711788002807246
"KEGG_BLADDER_CANCER"	-0.116546662196929	0.377364833445044	0.0960277647243414	-0.0628418091248442	-0.0974065893690335	-0.139234906313963
"KEGG_CHRONIC_MYELOID_LEUKEMIA"	-0.237194819040237	0.215161450208131	0.0146830116311388	0.23489839486499	-0.036857165410887	-0.0579229300445372
"KEGG_ACUTE_MYELOID_LEUKEMIA"	-0.132160237398817	0.42447870289318	0.112438368763001	-0.0760456022606646	-0.0895665959561836	-0.217396343618443
"KEGG_SMALL_CELL_LUNG_CANCER"	-0.107404587136925	0.315894602586242	0.090357236172005	0.0929160667521979	0.0229188805022211	-0.243089433886412
"KEGG_NON_SMALL_CELL_LUNG_CANCER"	-0.163986124105717	0.168905530788776	-0.15239857924839	0.317041267229022	0.0353385049510714	-0.175580860881978
"KEGG_ASTHMA"	-0.490633006722168	-0.437354762229426	-0.259738057250275	0.665697305179072	0.167461770439384	0.822472690331514
"KEGG_AUTOIMMUNE_THYROID_DISEASE"	-0.649291070163872	-0.322736760445391	-0.0937243397571214	0.325090494595975	0.527822097331514	0.630510370991634
"KEGG_ALLOGRAFT_REJECTION"	-0.594991124371079	-0.560340248425111	-0.265050546041653	0.363486274873143	0.548229607653991	0.735334328441313
"KEGG_GRAFT_VERSUS_HOST_DISEASE"	-0.768443656221965	-0.615398801290912	-0.438222599429752	0.395478321246745	0.713673461776248	0.647579529737207
"KEGG_VIRAL_MYOCARDITIS"	0.0361920312365842	0.0777127934487586	0.143666204657181	-0.0442154560848751	-0.220890715770563	-0.228805936228223
"GSE12366_PLASMA_CELL_VS_NAIVE_BCELL_UP"	-0.12861286447257	0.0546118276622878	0.0726104361013299	-0.0247002916133912	-0.0941956612712483	0.0498647260732632
